265 0.708130 0.524048 0.063232 0.071533
265 0.568115 0.561035 0.020020 0.025879
12 0.290161 0.573364 0.017822 0.022705
12 0.052734 0.561157 0.039062 0.048584
12 0.467896 0.576294 0.008545 0.012451
12 0.206055 0.568726 0.021973 0.030518
12 0.350464 0.574341 0.014404 0.019775
89 0.551392 0.575195 0.007080 0.009766
89 0.706665 0.572021 0.027588 0.021973
89 0.525269 0.575439 0.008057 0.011230
14 0.568237 0.578125 0.014893 0.007324
12 0.500000 0.575195 0.008301 0.012207
12 0.396606 0.574463 0.010986 0.016113
89 0.434448 0.575928 0.010010 0.014648