89 0.631104 0.265137 0.113281 0.069824
89 0.983521 0.358765 0.032471 0.043213
89 0.597168 0.637939 0.024902 0.039551
89 0.597168 0.665283 0.016602 0.012695
89 0.933350 0.353271 0.017090 0.032227
89 0.596680 0.607544 0.017090 0.013428
89 0.159424 0.502075 0.054199 0.119385
89 0.961670 0.531494 0.050293 0.055176
89 0.956787 0.479736 0.085938 0.053223
201 0.959106 0.422241 0.052490 0.069092
119 0.154541 0.579712 0.026855 0.044189
89 0.929932 0.324707 0.040527 0.062988
89 0.629639 0.451172 0.114258 0.059082
89 0.630005 0.356689 0.114990 0.138672
89 0.596802 0.576904 0.024170 0.039551